0.524210716432508
0.607939761084285
0.748768786603508
0.953891183892027
0.912718483469440
1.083642866519370
1.200711326274010
1.063001466504950
1.185609245390890
1.472572660076620
1.421228152701060
1.663654134708600
1.780100522443260
1.419886003055970
1.216450091835910
1.372457191465760
1.690697779987330
1.701649919615880
1.658110855329160
1.486035349339430
1.776594605992820
1.772354620030040
1.649286311156870
2.139154254264470
2.942813639686140
3.398350668439800
3.472091069153610
3.189943138667750
3.038527803517700
2.310921002093550
1.813244733509280
1.500198488678150
1.482420926599800
1.407445521790110
1.523203675063340
1.389365768639020
1.291143241095330
0.939768193481416
1.136783766271550
1.247623332923130
1.522411536048090
1.919834995033200
2.371783459074450
3.411957712148160
7.077997721303600
6.371549014231930
7.480560038259020
9.174001922303580
9.893670892898150
12.174337856991400
12.441394668928700
12.216419159479500
11.275586797040000
9.841254640827080
8.752312113326990
7.408100100515280
7.003351149941220
7.549510712708300
9.469658159945590
7.990818633310910
8.779222407272310
12.827094691945700
15.736109826283400
18.260935527299000
14.568644293989800
15.505751978616300
16.225892804527300
17.409907437843800
19.594772443606600
16.781922270830800
17.434594507893100
17.310596691022400
16.799575189711000
17.405804357112100
18.115667542213600
17.162880558466000
17.816531338340400
16.371018798675100
17.727803729007500
15.206928771746700
15.797886284846900
14.672411420107400
14.303666764025400
12.991071338206700
13.282957067588600
13.185650445842300
13.335463464784400
13.450546292834500
13.978842325470000
14.571266786283000
14.940407430449000
14.895569506722300
14.863223241210500
16.619912196193800
18.782799667003600
20.680238215677100
22.079569603297200
22.574496044851700
22.492149611376000
21.318312461384300
22.436845148335700
25.692529231515200
27.742200201067400
25.949406623801300
26.853048882527400
26.909915337091400
26.488489855817000
26.218217906209700
24.051427932085600
23.847245016944000
24.166224717242300
24.157880548472000
24.006553084363800
26.271489928488500
25.135771942494900
25.980519850752400
33.731943645773400
32.061713582992400
30.999520249997100
13.453253706282900
4.073056495289270
1.742390645555760
1.176609696914840
0.860745219998717
0.549744954359368
0.397904483230596
0.343494440203768
0.350298125714829
0.355337947846155
0.402644250607804
0.416804767847592
0.457722303171111
0.443009337544998
0.591196509254887
0.736391111119991
1.099585227006880
1.873513890813690
2.828414962126740
4.442070729222510
12.041041508761300
17.545404166565100
16.524728462400000
16.898609998376200
17.231110512933400
18.221544660362700
17.928453545626300
21.748123711787900
12.760170629686600
15.538586333943000
12.648290114581100
10.034754221642700
7.857049294733140
10.246207174374900
9.762171551467410
12.808082774520600
12.844492670677700
12.286535263206500
11.875939392848700
8.097215340184400
3.742998488839550
1.784026446450910
1.206406843204170
1.119706409780480
0.733402406160784
0.629922908644223
0.750464193147220
0.944381969025645
1.583717374379310
2.744742711582220
3.954597663213630
9.116597717868910
27.340083081799800
28.833481233777600
29.724965669573900
30.483137887675200
30.894121577314400
30.732911423925200
28.989371244486500
27.978117405885600
27.357116308659200
19.414576871396700
17.743603879220600
19.406596320463600
19.285238807248600
16.877761683915400
16.244598206759300
16.674019773106200
17.543238424214000
19.564624918055300
21.586253900044700
21.306623819443300
23.691524595445300
27.029471632906000
31.050309252365200
32.440012361620700
35.805227838131900
40.327866582564800
36.727322994783900
37.394042599807100
36.273644327654000
37.396763642820300
37.238752774017300
36.146541243202300
39.607591101547700
37.154505090588000
34.084573481805600
32.600707697072000
30.805555740267000
26.617340766305500
24.006514039586400
26.041406168358400
25.847448064012700
25.871889209570900
26.333990390615000
25.966886164714200
25.729743536538000
25.778678567830200
25.611649205501800
28.405386229962600
28.674181067315000
32.008377596733400
28.938675276907000
27.549650946077800
27.615435185227500
28.498980877100400
31.370354161078500
34.392396663262100
34.234292184813900
33.375951013649600
34.850690624714900
36.109861557188800
35.003762067221100
31.340035888498900
31.881055269044700
30.493330422906300
33.898297125583700
35.296864757151400
32.914031851591500
33.770322549020700
32.644709852576000
34.189741267061100
31.128879879660600
31.204829769249700
34.003202605243000
33.604095625666700
37.919596426770400
40.551358735260000
49.912445054757000
52.017422518146700
48.935693779703300
52.975335234869700
44.570278653434400
41.003364842718200
42.725635210321100
42.537220818973300
38.473023757459400
36.938436542240000
36.673738789605500
34.881120557766300
35.955971752763500
31.326513648255000
27.224150873746200
23.928432629999000
20.977580406854100
19.227764597504500
20.934396893910200
23.202406303799400
22.715497154876200
21.765842216385000
23.726420082583100
22.878188143592300
21.645427964118300
17.598407902298200
18.422034105519800
18.062068066666300
11.368905089422100
13.012455141608500
13.799429507135500
14.624197714777700
14.593520741313900
15.290101844432300
17.244653969799500
34.077010342641000
32.575267509259700
30.592599139382800
28.211369400010600
27.541792588279400
27.584072653333800
28.120919010957200
28.902851217176200
30.251732127895900
29.467209244376700
30.901247361762100
34.305936267756700
32.678159997534200
32.643527546261700
36.918355840877400
36.002872096335400
37.488766206906700
34.517659061889300
36.348546664834400
41.526022823304900
44.567799670051400
47.245582195831000
49.528063367220700
51.167676080344200
57.475226072688600
53.430793544346200
47.856589917046000
51.124994315449600
52.900915144805200
48.959455591608500
49.600196368499000
46.889849715354500
50.259911937767500
54.298876872828000
53.937025906109500
51.933287045933200
55.113222879808500
51.860981611034700
52.500472190982800
49.212919075112800
49.593392565015700
51.184686428272300
50.509075980710500
56.723273474492600
60.562476248263200
64.329287836089800
60.785732118623200
62.931224564612400
58.497206347774800
64.971258698971300
66.480091828957100
66.685769751850000
60.751759261363500
63.080337769860000
57.470354264030300
58.558204209647700
53.550010521935300
53.931214187773700
58.381475481915600
60.075395649530900
56.756132732563000
61.751234704555400
61.673582850797000
55.797366473475900
51.796956440983300
48.796291415154700
47.354543021751600
47.861108442382300
49.082741807073500
46.804076622518500
42.659093797386600
42.828538201661000
44.407723486391500
41.954340976226200
44.131579652547300
47.526935426706700
46.566794867007300
45.526269009148900
47.232754315328600
45.663200202494500
41.855028941146200
42.900427336819200
43.981185046193300
44.748928933265300
44.648059533918400
45.958047291389100
47.247451141879600
47.444640819349600
42.628315705165400
41.461173303366900
44.698448711309600
47.076610528247300
51.690935447997100
53.441172080292400
52.613453960692100
53.392723371042000
49.641256655483700
45.926319351347000
41.993886941438000
41.412276280330100
39.405062059696500
36.834113023527600
38.489276782679800
40.293891005512000
39.119110748472500
36.332318028468000
36.096227030907800
34.852807335917700
32.365882270901200
31.382687136113400
29.032408543259900
26.947424665684300
25.571425089193100
23.913464565368400
24.253992733012000
20.504884897590600
20.022355298410500
18.946950487715700
17.635243199358300
16.043698204423300
14.886865105068600
14.661917612894900
16.542365035275000
18.960339707190100
18.066175239922100
19.110632351714200
22.086788673910400
23.487089416774500
24.693580113079300
25.799884363770000
25.703567353942700
26.347774384009700
24.043594876634600
22.643376568179900
22.730013803593500
22.068264775951500
22.882197608137600
24.623006833075300
24.251627023391700
23.415289158627400
22.843730698986400
23.824201591889700
24.466885056442800
23.017554706728500
24.663190985275700
23.700826645562900
24.622509079556400
24.629623332814100
24.275384172443300
22.279508963584800
25.560467510771700
25.525308930866900
26.943169737266900
26.173509939997500
25.624319638245900
26.145744301999700
26.259457881968700
27.405747110039700
29.966591477324100
32.713234118494800
31.064848103224400
29.912859361644000
30.581269625592700
29.620661505138700
29.172370462449200
28.276308013703800
29.858810197741500
30.209841829107400
30.125781699253900
30.166027758514500
28.244418579420400
28.846166245049800
29.757826064933200
31.312386093210100
32.778648336240700
31.300742287864500
32.411537013276300
34.435653690587800
32.760501127945200
33.781286355641700
34.262245996783400
33.030258638879500
35.908120055891500
34.585597594630800
35.068546319634800
34.196652299999200
32.499045256087900
31.920507722478400
37.062211023843000
34.105343975038400
36.042800574112800
34.583349899435000
30.652869858587100
30.993493081808300
27.486107572371200
23.423859588666700
21.987022014419400
20.014189650077800
18.830523068526200
18.515819398204000
17.848970558692200
16.391925556105500
14.908594664403500
14.315378701650100
13.746245235827200
12.501084905413400
11.649082194914300
10.715133700973400
10.638498596962700
10.121662782820400
9.166776065403050
8.421304367233820
8.963541045351400
8.196956637669640
7.542114818949250
7.787078970157590
7.017359608064690
6.473806018684390
5.626230428282530
4.912902395479100
4.094681696529170
4.486973577976390
3.556380538477820
3.194736899144450
3.733315317938990
4.148950505761680
4.927075871181090
4.481288621160800
4.714808413302200
3.867765345445370
3.817972108774790
3.455941599778500
3.403808370923140
3.412157893427180
3.094506760123670
3.089921976728420
3.015604769342990
2.651994700145030
2.450295969739420
2.732648585247620
2.815685916752090
3.056080603530480
2.975657691333660
2.709846940526780
2.845831608505800
2.931089361647750
2.929730663530420
2.880595613914420
3.223999299044990
2.998971824448660
2.806249865160700
3.005917098304850
2.644101511568730
2.476898352333320
2.340964461982750
2.306475510431460
2.552520904374940
3.198386862250650
2.912367501845100
3.063260332054380
3.240840569745040
3.447231953792220
3.302696462796640
3.263269322973640
2.930334057992350
3.155431373996500
3.427755502623460
3.416706932111220
3.252100802962640
3.422742347643110
3.216587776145270
3.298442774454020
3.368272698426460
3.398901697608050
3.682450132881090
3.917322298995620
4.371570463792430
4.399064659548560
4.850079873112250
5.196314309321530
5.427907985635700
5.424906313838610
5.238589960293080
4.751695581300410
4.774602151045380
5.106413528995410
5.468633566989010
5.478391953673830
5.913822683141080
5.827927155364390
6.650638700832760
6.641512878596780
6.277525536195380
6.773268523734290
6.329684710121690
6.068629170241860
6.069529980654730
5.483614410236330
5.666898860317540
6.262379199879510
6.505229084891120
6.289427977946180
6.998584859526570
7.031332981551830
7.023912835492380
6.647605801192170
6.377231679473430
6.580430027184690
7.203591940202760
7.205382660535350
7.517975626770370
8.014736795147740
8.031058678498820
8.820272195937750
8.976630286255690
9.647358094861070
9.711836277786350
9.344614266699030
9.067804449653790
8.967183753466030
8.557143979019360
8.430357582297930
7.487686767168970
7.472861611478890
7.789607561185420
7.755586802202650
8.069233318680340
8.190074840956600
8.598846877705480
8.085091482721830
8.203066930679090
8.059912477722490
8.441602078846890
7.914318062867220
7.712741844073840
7.384550063590380
7.487290043469990
7.500082000809190
7.854223482241480
7.889076978724900
7.557411048091180
6.817100492273210
6.247302740455530
5.908165372968780
5.478480266802460
5.076950799670290
5.273865664083960
4.542013878344420
5.324580805083970
5.687668647900090
5.647229680261820
6.277862278747000
6.015576807937660
6.207820215640910
5.849297052072250
5.555872917850180
5.842366376901050
6.100617226029620
6.120891950478840
5.946663700508910
6.319807613611910
6.123155723519770
6.130204172819520
6.260378657760390
6.393719563960300
6.546454551062440
6.701708224465070
7.249374240683440
8.012508295905450
8.512600987272790
7.774920611670370
7.719428383300100
7.121323215065420
6.832175958214820
6.474288085461340
5.892328970744240
5.823991081904400
6.191181222824010
6.162087226049860
6.513840098603260
7.234375527509370
7.864921287367300
8.296256762515340
8.242514792652230
8.564467070427100
8.992509050400670
9.083139083212160
9.777955101194290
10.235209443202600
12.606494986988900
15.192493120007500
15.120663236038900
15.290985932523000
15.471873581196300
15.034455301575100
13.675808342728700
12.474396947868500
10.842089297119700
11.160021950672200
12.683572827847400
13.399023081326300
11.731105088458800
10.866699637117300
8.965377608072250
5.210550152539110
6.478397505975030
6.378982637824680
6.278462199231680
6.141463145889280
6.966285973017750
7.615193665937660
7.986203829704240
7.905821203936160
7.565398659948390
7.449950810490260
7.244700637746670
7.194023047445360
7.364210499726840
8.849765085067940
9.538724951496160
9.707791826295240
9.644119387168870
9.753033300569780
9.472846550369920
9.922123701029110
9.386986393238820
7.848807730032450
7.642101619435220
7.317738200852990
7.776963428681330
8.471861704629570
9.474337136214800
10.137252972815300
10.136644980029300
9.512435646513120
9.772690144460780
9.319421900316790
8.315244163695180
8.350251446857970
8.642050927198490
10.114668344184000
9.145476610731090
9.212517443843690
9.221517382439490
8.974051841432990
8.857767233520940
8.598493200802760
8.151815644411640
8.464664733395520
8.508453302061740
7.764124059422290
7.739915900609250
7.765793993453440
7.211807363405150
6.830571926000090
6.919639625096280
6.928927808292130
7.209762531660110
7.613091192189770
8.385980409970350
7.131189001276370
6.059204908254110
5.613626368037360
5.159390212484840
5.367517162823500
5.685864822858510
5.451610419677420
5.296327670390580
5.468175101074470
5.995115997520060
7.551007216372500
7.138717761086720
7.426943018372460
7.360343586545380
6.968206322256090
7.529545432876020
9.252250698644210
9.752159378005350
10.158426479447100
10.895570510976400
10.664648194081300
12.003820130660200
12.485803602570500
13.137587662310400
12.449314731086400
13.979520947647000
13.284883042851400
13.440777380883600
14.580981598215600
14.980922806781700
15.453292554285500
16.528199519237200
16.284741843368900
15.886496064537700
18.035638291494200
18.434264398557100
15.877762025809900
16.983415532639100
18.344995335680600
19.633628481739200
20.221062169985100
21.681453273524300
23.251523663684200
24.292089298608800
25.406028021387300
27.035119546186100
30.277182523700000
31.597571905184600
30.180722880575700
31.088735490697000
32.772719729089000
31.666457073620300
37.623817698466400
39.124660164527400
38.476664976123800
37.667472399414100
38.147327185977300
35.604452687844300
27.068715726411000
22.007701209044900
21.826195038681300
22.322096876603300
22.482755208049500
20.394152144621100
18.817558509652800
26.068273229976300
26.193585752979300
29.973956121482600
29.585429629596100
29.520482662808100
26.686538423156200
27.689897508169200
29.658250958115400
29.045338290200100
29.456238668416100
28.277480871123300
27.046872113113500
26.362183465302200
27.461198008319100
25.248178622542300
25.081168786464700
25.342114792816800
26.262919894519100
27.306848063438200
30.516004506877700
31.287807637968400
33.324088968706700
33.549509878332600
34.445695414210000
33.295731641076000
36.835469746121900
36.833067817955700
36.618660881744200
37.305541857939900
37.798612293724900
38.577357017195300
42.286653275779500
46.425668255760100
47.122770167522300
47.016403247403800
45.955808041385300
44.123841233371600
45.503678890995300
40.987866466033300
41.423514921269100
36.263034325068000
35.122179840794400
32.233028207117900
30.607895255340900
28.771892580990100
28.477141108701800
27.069778200177200
25.636323177002900
25.439617168660300
26.729632719754500
26.542476378956700
25.183200090386100
23.347943230408400
22.926580220194300
19.219954122013300
15.367970027100000
13.318491724274000
11.008496054586700
10.283026797320800
9.081241450981250
8.684202914631130
9.736115579949090
9.366621671802820
10.589048874576400
10.568499860698900
9.655414899617730
9.308055895557800
9.498352892916620
8.653189879592300
8.646283641415120
8.443003351412680
9.784938952077610
11.278723643632500
12.167699085935700
12.761973325285900
14.227633943107400
17.291160585197500
19.450920873053600
19.153139672839600
18.701359874495600
19.297982777799400
19.541526104260400
18.939518194983600
17.941972256404700
19.196579129997400
21.027035966985500
23.458147758370000
23.327908203450800
26.369666575374800
27.119516302297200
29.391364021226800
28.574265277529400
25.830919570868200
26.522255831119100
26.690588344726000
27.977044718273700
26.510568757899600
27.292699270984500
27.862779142747200
28.389468646017500
27.909120081994400
28.797417101680700
29.102289909722500
30.453476196687900
29.537691343960200
28.856930207570300
27.697088863201300
25.025911090702500
21.484152316296400
20.153706633420400
18.003901361308400
19.346194526302300
19.649440142251700
18.331514951394900
20.013159584621800
21.126911103998100
21.972914510146400
23.378269656394100
24.043049742755900
28.618402718377100
30.769646970606700
30.559379778651100
30.763732383805400
30.594947252846100
30.634674363221200
36.676614432257500
36.455157091298800
37.348618723427800
37.430046429397400
36.096620164927100
35.606169043827800
35.122931337676200
34.769056845442200
35.126529458540100
33.813440053652400
34.788774493086300
34.568313900349900
33.637782264686000
36.952581258714200
38.799628573464100
39.484799361228200
37.206680610513600
35.009869807726100
32.842056837326900
33.480080486016800
29.444203667837400
27.643944579600100
27.932409962470500
30.113161855341200
30.856569295871900
30.402896992576600
31.472673215066000
34.173938521427300
34.403714939062000
33.010510925192900
31.594842776653500
30.167955526669200
30.026939918182400
27.101729160866600
24.030664287665700
22.927303027715500
23.584574024535600
26.491520284114300
26.818852494685100
29.281942233257900
31.500787269892400
38.450054479311100
37.745420752636400
38.516318469490600
39.091742475725300
42.514148523534900
44.754575656583700
50.316336386418500
49.494059108137800
47.529687184188300
42.344518932007800
43.307482814004100
45.315629063554200
45.172056058861700
47.035941042200000
46.504129856973200
49.384029256596100
51.711930667133500
51.838946130949000
46.395599851550300
45.040416543708200
46.139830158163600
47.188794165246800
48.600880373233000
51.015153232408100
50.087248784189800
50.000441112061100
49.958213177517600
47.857994378237900
47.931780094104600
44.786896391249300
45.561426337102400
45.587290224053700
44.321564308079100
41.917574374235000
42.461860829427500
41.895387342570500
44.774864244276000
45.525578908172000
45.771610054313900
49.477848315609700
51.663835794397000
49.636148396815700
49.657066888907500
47.917551972260700
48.505451836915300
47.307139695709000
45.637578525101500
41.164803122750300
41.180357284635000
40.174272377103800
37.487661027182200
38.141481585242600
39.830246235624900
42.764574226125300
45.057992361350300
47.193347412357900
44.912151950877400
47.929233019224700
49.004553634430800
50.875947309128100
50.280740710221900
57.891526523271300
50.008744703552300
53.279510812650900
53.370535920744800
52.648241378026100
52.452659949194300
52.046711022496900
54.358640737910300
58.423546098313500
56.958128320601200
53.012168016097000
52.926892395902800
56.609542435943900
55.364598983905900
58.136128073312500
65.718136826546100
73.050627630991300
74.073020078815800
83.943980171899600
73.113928905967500
69.719037676104700
60.401722766587900
63.551179901334500
68.470265746206200
57.122217623488100
51.825525862868300
53.369963878394100
51.783737543978200
42.531918553010900
35.303248806887600
36.302652772232900
29.705352390969900
28.783109770019400
28.799567757681300
28.917840842052700
29.286249869541700
30.282124033573200
31.236243863017400
36.575825462095800
39.600431300885100
43.261224103914300
42.053737662802900
38.604958309820800
38.925222258338200
38.276488350054700
39.636059879063000
37.202981292004300
30.517749376211100
26.929604668180600
23.791106420423600
21.424762492489500
21.019112982155400
19.793384631384200
15.648286281548200
13.146602001866400
9.994365127529510
10.015253104336500
9.244910340736730
9.146889288560590
9.744910102819260
10.919113728749600
13.543825929346000
16.610208785177500
17.169739202484000
15.209568659505100
15.503832406770000
16.578833833461900
18.840217389284100
19.102084481119600
20.917813018820300
25.282009943199300
27.319177677856400
26.462109689343900
27.829774112391400
26.810971728731500
25.605597757406800
24.872979452580400
26.977120378136900
27.469814791708100
29.742992198473100
29.666886581302100
26.601156428646100
27.784278798517200
26.759006740843100
26.541086290609400
26.670747533008600
25.872888560971400
23.756992684001200
23.952322463403300
22.390281511972700
21.366286266029400
19.391830538233000
20.307046690720700
22.110858005042600
21.025636827816100
17.634817373599500
16.017571351296900
15.033536958172600
14.307231005243900
13.141864153506600
10.116412079186100
9.413222746720340
10.426830109762000
10.940503294016200
10.973578025135600
11.663750892649100
12.722558650076300
15.753618544284100
16.918507743494100
19.005563789709400
19.909904600620100
20.890446320512700
22.652629573449400
22.307940478605000
24.560319822087300
24.446591889233300
23.830804467308800
23.654211151819500
23.827974120426600













































































































































































































































































































































































































































































































































































































































































































































































































































































